<?xml version="1.0"?>
<opencv_storage>
<intrinsic type_id="opencv-matrix">
  <rows>3</rows>
  <cols>3</cols>
  <dt>d</dt>
  <data>
    1.1396490558949665e+03 0. 9.3008947133226923e+02 0.
    1.1403005447919465e+03 5.2652514196519235e+02 0. 0. 1.</data></intrinsic>
<distortion type_id="opencv-matrix">
  <rows>1</rows>
  <cols>5</cols>
  <dt>d</dt>
  <data>
    8.8059966231688006e-02 -1.3721675994897115e-01
    -3.6914411917552789e-03 -4.8073510939339835e-04
    -5.5505847064088065e-02</data></distortion>
</opencv_storage>
